32
0 30 145 80 23 78 194 150 64 79 103 8 4 50 237 56 167 197 45 255 108 52 76 111 2 251 23 160 85 138 206 112 
30 0 43 129 17 32 154 24 7 78 113 10 220 120 51 43 172 244 93 146 62 156 149 138 26 138 123 81 90 157 220 142 
145 43 0 129 216 242 3 100 18 144 17 175 98 196 154 162 247 229 36 183 125 182 131 198 182 238 234 4 140 112 136 138 
80 129 129 0 145 242 109 231 231 38 191 164 22 72 242 240 159 68 40 3 142 47 32 3 156 213 89 164 145 17 83 105 
23 17 216 145 0 231 31 251 18 26 58 137 183 37 200 16 33 104 117 177 247 113 17 154 106 247 72 134 243 169 51 182 
78 32 242 242 231 0 90 189 132 215 53 95 166 67 215 132 156 186 242 68 56 241 231 241 213 54 175 198 23 220 216 93 
194 154 3 109 31 90 0 178 242 45 27 156 254 253 21 29 174 225 179 136 81 60 237 184 198 6 63 145 235 71 133 121 
150 24 100 231 251 189 178 0 105 17 23 130 85 137 145 32 249 44 226 9 247 125 207 89 221 67 170 58 226 134 40 116 
64 7 18 231 18 132 242 105 0 26 238 133 40 19 239 115 77 24 152 27 123 9 61 48 189 113 14 3 220 186 173 47 
79 78 144 38 26 215 45 17 26 0 42 3 188 5 36 236 47 203 19 59 198 175 162 143 8 229 68 64 73 151 155 237 
103 113 17 191 58 53 27 23 238 42 0 178 68 60 178 16 246 253 119 148 62 174 188 58 211 172 117 158 252 96 122 92 
8 10 175 164 137 95 156 130 133 3 178 0 40 54 45 223 160 190 49 211 219 168 222 191 212 60 87 79 84 88 123 141 
4 220 98 22 183 166 254 85 40 188 68 40 0 35 87 35 156 178 198 84 199 110 103 95 55 113 138 138 147 141 153 19 
50 120 196 72 37 67 253 137 19 5 60 54 35 0 78 94 17 207 155 239 121 248 61 57 58 15 171 138 14 246 227 104 
237 51 154 242 200 215 21 145 239 36 178 45 87 78 0 117 100 63 16 67 88 156 90 179 56 83 161 119 59 11 2 164 
56 43 162 240 16 132 29 32 115 236 16 223 35 94 117 0 158 205 166 83 102 78 253 22 153 230 163 188 205 200 114 227 
167 172 247 159 33 156 174 249 77 47 246 160 156 17 100 158 0 156 36 248 125 29 6 195 213 132 157 145 180 242 0 124 
197 244 229 68 104 186 225 44 24 203 253 190 178 207 63 205 156 0 17 24 69 128 37 223 95 165 31 145 146 52 197 247 
45 93 36 40 117 242 179 226 152 19 119 49 198 155 16 166 36 17 0 34 231 99 162 135 252 120 85 153 105 227 58 10 
255 146 183 3 177 68 136 9 27 59 148 211 84 239 67 83 248 24 34 0 229 138 2 83 96 164 171 33 222 230 195 85 
108 62 125 142 247 56 81 247 123 198 62 219 199 121 88 102 125 69 231 229 0 156 81 196 161 67 255 113 170 76 6 56 
52 156 182 47 113 241 60 125 9 175 174 168 110 248 156 78 29 128 99 138 156 0 170 135 112 251 19 48 6 252 37 214 
76 149 131 32 17 231 237 207 61 162 188 222 103 61 90 253 6 37 162 2 81 170 0 238 179 117 86 197 66 146 219 171 
111 138 198 3 154 241 184 89 48 143 58 191 95 57 179 22 195 223 135 83 196 135 238 0 69 122 57 78 92 46 209 140 
2 26 182 156 106 213 198 221 189 8 211 212 55 58 56 153 213 95 252 96 161 112 179 69 0 120 149 198 41 43 179 28 
251 138 238 213 247 54 6 67 113 229 172 60 113 15 83 230 132 165 120 164 67 251 117 122 120 0 141 250 170 115 27 170 
23 123 234 89 72 175 63 170 14 68 117 87 138 171 161 163 157 31 85 171 255 19 86 57 149 141 0 201 134 144 154 92 
160 81 4 164 134 198 145 58 3 64 158 79 138 138 119 188 145 145 153 33 113 48 197 78 198 250 201 0 238 183 208 119 
85 90 140 145 243 23 235 226 220 73 252 84 147 14 59 205 180 146 105 222 170 6 66 92 41 170 134 238 0 24 100 151 
138 157 112 17 169 220 71 134 186 151 96 88 141 246 11 200 242 52 227 230 76 252 146 46 43 115 144 183 24 0 12 123 
206 220 136 83 51 216 133 40 173 155 122 123 153 227 2 114 0 197 58 195 6 37 219 209 179 27 154 208 100 12 0 165 
112 142 138 105 182 93 121 116 47 237 92 141 19 104 164 227 124 247 10 85 56 214 171 140 28 170 92 119 151 123 165 0 
